11.269257
203.000000
#../smallinstances/mtDNA_186/mtDNA_small1.txt Gen: 100 Popsize: 100 Px: 0.818000 Pm: 0.270000 
Crossovers: 2184 Mutations: 1474
NNI: 378 SPR: 502 TBR: 116 SWAP: 428 STEP 50
203.000000	-99214.000000	0.000000e+00	1	1.000000e+14
203.000000	-99214.000000	0.000000e+00	1	1.000000e+14
203.000000	-99214.000000	0.000000e+00	1	0.000000e+00
203.000000	-99214.000000	0.000000e+00	1	0.000000e+00
203.000000	-99214.000000	0.000000e+00	1	0.000000e+00
203.000000	-99214.000000	0.000000e+00	1	0.000000e+00
203.000000	-99214.000000	0.000000e+00	1	0.000000e+00
203.000000	-99214.000000	0.000000e+00	1	0.000000e+00
203.000000	-99214.000000	0.000000e+00	1	0.000000e+00
203.000000	-99214.000000	0.000000e+00	1	0.000000e+00
203.000000	-99214.000000	0.000000e+00	1	0.000000e+00
203.000000	-99214.000000	0.000000e+00	1	0.000000e+00
203.000000	-99214.000000	0.000000e+00	1	0.000000e+00
203.000000	-99214.000000	0.000000e+00	1	0.000000e+00
203.000000	-99214.000000	0.000000e+00	1	0.000000e+00
203.000000	-99214.000000	0.000000e+00	1	0.000000e+00
203.000000	-99214.000000	0.000000e+00	1	0.000000e+00
203.000000	-99214.000000	0.000000e+00	1	0.000000e+00
203.000000	-99214.000000	0.000000e+00	1	0.000000e+00
203.000000	-99214.000000	0.000000e+00	1	0.000000e+00
203.000000	-99214.000000	0.000000e+00	1	0.000000e+00
203.000000	-99214.000000	0.000000e+00	1	0.000000e+00
203.000000	-99214.000000	0.000000e+00	1	0.000000e+00
203.000000	-99214.000000	0.000000e+00	1	0.000000e+00
203.000000	-99214.000000	0.000000e+00	1	0.000000e+00
203.000000	-99214.000000	0.000000e+00	1	0.000000e+00
203.000000	-99214.000000	0.000000e+00	1	0.000000e+00
203.000000	-99214.000000	0.000000e+00	1	0.000000e+00
203.000000	-99214.000000	0.000000e+00	1	0.000000e+00
203.000000	-99214.000000	0.000000e+00	1	0.000000e+00
203.000000	-99214.000000	0.000000e+00	1	0.000000e+00
203.000000	-99214.000000	0.000000e+00	1	0.000000e+00
203.000000	-99214.000000	0.000000e+00	1	0.000000e+00
203.000000	-99214.000000	0.000000e+00	1	0.000000e+00
203.000000	-99214.000000	0.000000e+00	1	0.000000e+00
203.000000	-99214.000000	0.000000e+00	1	0.000000e+00
203.000000	-99214.000000	0.000000e+00	1	0.000000e+00
203.000000	-99214.000000	0.000000e+00	1	0.000000e+00
203.000000	-99214.000000	0.000000e+00	1	0.000000e+00
203.000000	-99214.000000	0.000000e+00	1	0.000000e+00
203.000000	-99214.000000	0.000000e+00	1	0.000000e+00
203.000000	-99214.000000	0.000000e+00	1	0.000000e+00
203.000000	-99214.000000	0.000000e+00	1	0.000000e+00
203.000000	-99214.000000	0.000000e+00	1	0.000000e+00
203.000000	-99214.000000	0.000000e+00	1	0.000000e+00
203.000000	-99214.000000	0.000000e+00	1	0.000000e+00
203.000000	-99214.000000	0.000000e+00	1	0.000000e+00
203.000000	-99214.000000	0.000000e+00	1	0.000000e+00
203.000000	-99214.000000	0.000000e+00	1	0.000000e+00
203.000000	-99214.000000	0.000000e+00	1	0.000000e+00
203.000000	-99214.000000	0.000000e+00	1	0.000000e+00
203.000000	-99214.000000	0.000000e+00	1	0.000000e+00
203.000000	-99214.000000	0.000000e+00	1	0.000000e+00
203.000000	-99214.000000	0.000000e+00	1	0.000000e+00
203.000000	-99214.000000	0.000000e+00	1	0.000000e+00
203.000000	-99214.000000	0.000000e+00	1	0.000000e+00
203.000000	-99214.000000	0.000000e+00	1	0.000000e+00
203.000000	-99214.000000	0.000000e+00	1	0.000000e+00
203.000000	-99214.000000	0.000000e+00	1	0.000000e+00
203.000000	-99214.000000	0.000000e+00	1	0.000000e+00
203.000000	-99214.000000	0.000000e+00	1	0.000000e+00
203.000000	-99214.000000	0.000000e+00	1	0.000000e+00
203.000000	-99214.000000	0.000000e+00	1	0.000000e+00
203.000000	-99214.000000	0.000000e+00	1	0.000000e+00
203.000000	-99214.000000	0.000000e+00	1	0.000000e+00
203.000000	-99214.000000	0.000000e+00	1	0.000000e+00
203.000000	-99214.000000	0.000000e+00	1	0.000000e+00
203.000000	-99214.000000	0.000000e+00	1	0.000000e+00
203.000000	-99214.000000	0.000000e+00	1	0.000000e+00
203.000000	-99214.000000	0.000000e+00	1	0.000000e+00
203.000000	-99214.000000	0.000000e+00	1	0.000000e+00
203.000000	-99214.000000	0.000000e+00	1	0.000000e+00
203.000000	-99214.000000	0.000000e+00	1	0.000000e+00
203.000000	-99214.000000	0.000000e+00	1	0.000000e+00
203.000000	-99214.000000	0.000000e+00	1	0.000000e+00
203.000000	-99214.000000	0.000000e+00	1	0.000000e+00
203.000000	-99214.000000	0.000000e+00	1	0.000000e+00
203.000000	-99214.000000	0.000000e+00	1	0.000000e+00
203.000000	-99214.000000	0.000000e+00	1	0.000000e+00
203.000000	-99214.000000	0.000000e+00	1	0.000000e+00
203.000000	-99214.000000	0.000000e+00	1	0.000000e+00
203.000000	-99214.000000	0.000000e+00	1	0.000000e+00
203.000000	-99214.000000	0.000000e+00	1	0.000000e+00
203.000000	-99214.000000	0.000000e+00	1	0.000000e+00
203.000000	-99214.000000	0.000000e+00	1	0.000000e+00
203.000000	-99214.000000	0.000000e+00	1	0.000000e+00
203.000000	-99214.000000	0.000000e+00	1	0.000000e+00
203.000000	-99214.000000	0.000000e+00	1	0.000000e+00
203.000000	-99214.000000	0.000000e+00	1	0.000000e+00
203.000000	-99214.000000	0.000000e+00	1	0.000000e+00
203.000000	-99214.000000	0.000000e+00	1	0.000000e+00
203.000000	-99214.000000	0.000000e+00	1	0.000000e+00
203.000000	-99214.000000	0.000000e+00	1	0.000000e+00
203.000000	-99214.000000	0.000000e+00	1	0.000000e+00
203.000000	-99214.000000	0.000000e+00	1	0.000000e+00
203.000000	-99214.000000	0.000000e+00	1	0.000000e+00
203.000000	-99214.000000	0.000000e+00	1	0.000000e+00
203.000000	-99214.000000	0.000000e+00	1	0.000000e+00
203.000000	-99214.000000	0.000000e+00	1	0.000000e+00
203.000000	-99214.000000	0.000000e+00	1	0.000000e+00
